FixSeed.benchmark = [
   815   689   226    60
   906   748   171   399
   127   451   228   527
   913    84   436   417
   632   229   311   657
    98   913   923   628
   278   152   430   292
   547   826   185   432
   958   538   905    15
   965   996   980   984
   158    78   439   167
   971   443   111   106
   957   107   258   372
   485   962   409   198
   800     5   595   490
   142   775   262   339
   422   817   603   952
   916   869   711   920
   792    84   222    53
   959   400   117   738
   656   260   297   269
    36   800   319   423
   849   431   424   548
   934   911   508   943
   679   182    86   418
   758   264   262   983
   743   146   801   301
   392   136    29   701
   655   869   929   666
   171   580   730   539
   353   304   315   270
    32   145   579   667
   277   853   237   178
    46   622   459   128
    97   351   963   999
   823   513   547   171
   695   402   521    33
   317    76   232   561
   950   240   489   882
    34   123   624   669
   439   184   679   190
   382   240   396   369
   766   417   367   461
   795    50   988   982
   187   903    38   156
   490   945   885   856
   446   491   913   645
   646   489   796   376
   709   338    99   191
   755   900   262   428
   276   369   335   482
   680   111   680   121
   655   780   137   590
   163   390   721   226
   119   242   107   385
   498   404   654   583
   960    96   494   252
   187   173   127   326
   585   942   715   617
   224   956   904   265
   751   575   891   824
   255    60   334   983
   506   235   699   730
   699   353   198   344
   891   821    31   584
   959    15   744   108
   547    43   500   906
   139   169   480   880
   149   649   905   818
   182    66   262     6
   841   648   618   594
   254   451   859    23
   814   547   805   425
   244   296   577   313
   929   745   183   161
   350   189   240   179
   197   687   887   423
   251   184    29    94
   616   368   490   599
   473   626   168   471
   352   780   979   696
   831    81   713   700
   585   929   500   639
   550   776   471    34
   917   487    60    69
   286   436   682   320
   757   447    42   531
   754   306    71   654
   380   509   522   408
   568   511    97   820
    76   818   818   718
    54   795   818   969
   531   644   722   531
   779   379   150   325
   934   812   660   106
   130   533   519   611
   569   351   973   779
   469   939   649   423
    12   876   800    91
   337   550   454   266
   162   622   432   154
   794   587   825   281
   311   208    83   440
   529   301   133   527
   166   471   173   457
   602   230   391   875
   263   844   831   518
   654   195   803   944
  ];

FixSeed.smallfirms = [
   108   916   800   586
   460   135   918   174
   451   332   137   729
   551   897   505   534
   805   500   405   253
   701   615   174   917
   872   583   575   758
    52   698   606   887
   220    29   214    69
   460   528   520   184
   959    32   989   737
   790   827   490   697
   452   340   695   777
   333   847   411   502
    59   246    35   425
   741   581   293   611
   507   938   801   856
   200    48   347   671
   427    54    83   524
   169    21   511   299
   752   681   367   704
   368   599   739   382
   942   114   525   568
    17   796   805   888
   829   618   817   843
   627    70   189   899
   539    69   124   939
   651   136   821   815
   727   789   638     1
    94    92    16     3
   878   238   896    87
    14   244   515   261
   294   105   545    23
   180   858   606   424
   926   698   760   341
    68   734   855   541
   581   651   383   926
   637   516    85   298
   651   326   734   338
   865   662   332   859
    56   118   840   340
   817   148   372   138
   529    20   828   508
   694   964   177   857
   212   970   130   384
   543   124   880   696
   703   467    44   628
   956   657   687   450
   445   290   734   474
    85   755   437   950
    57   558   380    83
   629   428   980   280
   796   267   399   447
   691   754   440   588
   345   898   157   878
   947   728   326   469
   520   407   314   437
   326   362    51   363
    74   255   247   468
   207   533   311   861
   775   955   409   467
   914   268   708   498
   783   250   144   487
   296   928   871   229
   152    69    83    86
   848   299   462    67
   785   592    30   888
   271   203   753   233
   228   636   700   862
   321   798   215   712
   830   502   680   873
   822   651   557   938
   571   796   851   140
   572   233   559   394
   286   601   902   981
   699   112   420   645
   796   516   358   896
   442   838   489   482
   446   921   256    14
   466   498   929   623
   279   278   467   231
   675   653   254   527
   904   917   431   725
   909   510   703   607
   747   974   402   588
   261   197   182   433
   690   111   856   244
   132   297   584   429
   124   396   374    10
   191   421   222   609
   146   311   219   958
   585   694   522    95
    73    92   433    36
   822   402   741   886
   723   295    70   247
   926   306   847     9
   493   106   680   815
   655   594   137   140
   890   283   858   880
   539   155   200    95
   282     1   607   353
   976   284   543   593
    36   551   162   585
   326   871     6   668
   973    42   771   648
   365   905   765   433
   309   131   421   140
   121   834    57   752
  ];

